 19  19   2  33  -1  37  24  -1  -1  29   0  13  17  21  -1  23  10  -1   2  36  42  10   1   0  -1  -1  -1  -1  -1  -1  -1  -1  -1  -1  -1  -1  -1  -1  -1  -1  -1  -1  -1  -1  -1  -1  -1  -1  -1  -1  -1  -1  -1  -1  -1  -1  -1  -1  -1  -1  -1  -1  -1  -1  -1  -1  -1  -1
 28  -1  28  25   0   0  -1  43  43  34  -1   7   6  -1  25   3  18  18  -1  43  -1  16   0   0   0  -1  -1  -1  -1  -1  -1  -1  -1  -1  -1  -1  -1  -1  -1  -1  -1  -1  -1  -1  -1  -1  -1  -1  -1  -1  -1  -1  -1  -1  -1  -1  -1  -1  -1  -1  -1  -1  -1  -1  -1  -1  -1  -1
 13  10  40  -1  44  16  17  27  16  15  33  -1  -1   8  40   5  -1  35   0  13  13  -1  -1  -1   0   0  -1  -1  -1  -1  -1  -1  -1  -1  -1  -1  -1  -1  -1  -1  -1  -1  -1  -1  -1  -1  -1  -1  -1  -1  -1  -1  -1  -1  -1  -1  -1  -1  -1  -1  -1  -1  -1  -1  -1  -1  -1  -1
 36  39  -1   0  35  -1   7   9   8  -1  36  17  39   5  20  -1  16  12  31  -1  39  21   1  -1  -1   0  -1  -1  -1  -1  -1  -1  -1  -1  -1  -1  -1  -1  -1  -1  -1  -1  -1  -1  -1  -1  -1  -1  -1  -1  -1  -1  -1  -1  -1  -1  -1  -1  -1  -1  -1  -1  -1  -1  -1  -1  -1  -1
 44  37  -1  -1  -1  -1  -1  -1  -1  -1  -1  -1  -1  -1  -1  -1  -1  -1  -1  -1  -1  -1  -1  -1  -1  -1   0  -1  -1  -1  -1  -1  -1  -1  -1  -1  -1  -1  -1  -1  -1  -1  -1  -1  -1  -1  -1  -1  -1  -1  -1  -1  -1  -1  -1  -1  -1  -1  -1  -1  -1  -1  -1  -1  -1  -1  -1  -1
  3  14  -1  19  -1  -1  -1  -1  -1  -1  -1  -1  22  -1  -1  -1   1  -1  -1  -1  -1   3  13  -1  -1  -1  -1   0  -1  -1  -1  -1  -1  -1  -1  -1  -1  -1  -1  -1  -1  -1  -1  -1  -1  -1  -1  -1  -1  -1  -1  -1  -1  -1  -1  -1  -1  -1  -1  -1  -1  -1  -1  -1  -1  -1  -1  -1
 38  -1  -1  -1  -1  -1  17  -1  -1  -1   1  15  -1  44  -1  -1  -1  13  18  -1  33  -1  -1  -1  -1  -1  -1  -1   0  -1  -1  -1  -1  -1  -1  -1  -1  -1  -1  -1  -1  -1  -1  -1  -1  -1  -1  -1  -1  -1  -1  -1  -1  -1  -1  -1  -1  -1  -1  -1  -1  -1  -1  -1  -1  -1  -1  -1
  9  14  -1  -1  28  -1  -1  45   2  -1  -1  -1  -1  -1  18  -1  -1  -1  -1  -1  -1  -1  -1  -1  -1  -1  -1  -1  -1   0  -1  -1  -1  -1  -1  -1  -1  -1  -1  -1  -1  -1  -1  -1  -1  -1  -1  -1  -1  -1  -1  -1  -1  -1  -1  -1  -1  -1  -1  -1  -1  -1  -1  -1  -1  -1  -1  -1
 19  35  -1  21  -1  -1  -1  -1  -1  -1  -1  -1  18  -1  -1  -1  39  -1  -1  32  -1  32  19  -1  26  -1  -1  -1  -1  -1   0  -1  -1  -1  -1  -1  -1  -1  -1  -1  -1  -1  -1  -1  -1  -1  -1  -1  -1  -1  -1  -1  -1  -1  -1  -1  -1  -1  -1  -1  -1  -1  -1  -1  -1  -1  -1  -1
 30  40  -1  -1  -1  -1  -1  -1  -1  -1  33  37  -1   9  -1  -1  -1  15  15  -1  34  -1  -1  -1  -1  -1  -1  -1  -1  -1  -1   0  -1  -1  -1  -1  -1  -1  -1  -1  -1  -1  -1  -1  -1  -1  -1  -1  -1  -1  -1  -1  -1  -1  -1  -1  -1  -1  -1  -1  -1  -1  -1  -1  -1  -1  -1  -1
 -1   5   3  -1  34  -1  -1  15  47  -1  -1  -1  -1  -1  18  -1  -1  -1  -1  -1  -1  -1  -1  -1  -1  -1  -1  -1  -1  -1  -1  -1   0  -1  -1  -1  -1  -1  -1  -1  -1  -1  -1  -1  -1  -1  -1  -1  -1  -1  -1  -1  -1  -1  -1  -1  -1  -1  -1  -1  -1  -1  -1  -1  -1  -1  -1  -1
  0   6  -1  -1  -1  -1  -1  -1  -1  -1  -1  -1   8  -1  -1  -1  47  -1  -1  -1  -1  44  46  19  -1  -1  -1  -1  -1  -1  -1  -1  -1   0  -1  -1  -1  -1  -1  -1  -1  -1  -1  -1  -1  -1  -1  -1  -1  -1  -1  -1  -1  -1  -1  -1  -1  -1  -1  -1  -1  -1  -1  -1  -1  -1  -1  -1
 29  42  -1  -1  -1  -1  -1  -1  -1  -1  30  40  -1   2  -1  -1  -1  -1  26  -1  -1  -1  -1  -1  -1  -1  -1  -1  -1  -1  -1  -1  -1  -1   0  -1  -1  -1  -1  -1  -1  -1  -1  -1  -1  -1  -1  -1  -1  -1  -1  -1  -1  -1  -1  -1  -1  -1  -1  -1  -1  -1  -1  -1  -1  -1  -1  -1
 25  -1  -1  33  -1  -1  -1  26  -1  -1  -1  -1  -1  -1  -1  -1  -1  -1  -1  -1  19  -1  -1  34  -1  -1  -1  -1  -1  -1  -1  -1  -1  -1  -1   0  -1  -1  -1  -1  -1  -1  -1  -1  -1  -1  -1  -1  -1  -1  -1  -1  -1  -1  -1  -1  -1  -1  -1  -1  -1  -1  -1  -1  -1  -1  -1  -1
 46  -1  -1  -1  -1  -1  -1  -1  -1  -1  -1  -1   8  -1  -1  41  41  11  -1  -1  -1  12  -1  -1  -1  -1  -1  -1  -1  -1  -1  -1  -1  -1  -1  -1   0  -1  -1  -1  -1  -1  -1  -1  -1  -1  -1  -1  -1  -1  -1  -1  -1  -1  -1  -1  -1  -1  -1  -1  -1  -1  -1  -1  -1  -1  -1  -1
  1   2  -1  -1  -1  -1  -1  -1  -1  -1  18  -1  -1  30  -1  -1  -1  -1   7  -1  -1  -1  -1  -1  -1  29  -1  -1  -1  -1  -1  -1  -1  -1  -1  -1  -1   0  -1  -1  -1  -1  -1  -1  -1  -1  -1  -1  -1  -1  -1  -1  -1  -1  -1  -1  -1  -1  -1  -1  -1  -1  -1  -1  -1  -1  -1  -1
 -1  13  -1   2  -1  -1  -1  -1  -1  -1  -1   9  -1  -1  -1  -1  -1  -1  -1  -1   1  -1   9  -1  -1  -1  -1  -1  -1  -1  -1  -1  -1  -1  -1  -1  -1  -1   0  -1  -1  -1  -1  -1  -1  -1  -1  -1  -1  -1  -1  -1  -1  -1  -1  -1  -1  -1  -1  -1  -1  -1  -1  -1  -1  -1  -1  -1
 20  -1  -1  -1  -1  -1  -1  -1  -1  -1  -1  -1  -1  -1  15  -1  33  22  -1  -1  -1  39  -1  -1  -1  -1  -1  -1  -1  -1  -1  -1  -1  -1  -1  -1  -1  -1  -1   0  -1  -1  -1  -1  -1  -1  -1  -1  -1  -1  -1  -1  -1  -1  -1  -1  -1  -1  -1  -1  -1  -1  -1  -1  -1  -1  -1  -1
 -1  34  -1  -1  -1  -1  -1  -1  -1  -1  -1  -1  19  40  -1  -1  -1  -1  36   4  -1  -1  -1  -1  -1  -1  -1  -1  -1  -1  -1  -1  -1  -1  -1  -1  -1  -1  -1  -1   0  -1  -1  -1  -1  -1  -1  -1  -1  -1  -1  -1  -1  -1  -1  -1  -1  -1  -1  -1  -1  -1  -1  -1  -1  -1  -1  -1
  1  21  -1  -1  -1  -1  -1   8   2  -1   5  -1  -1  -1  -1  -1  -1  -1  -1  -1  -1  -1  -1  -1  -1  -1  -1  -1  -1  -1  -1  -1  -1  -1  -1  -1  -1  -1  -1  -1  -1   0  -1  -1  -1  -1  -1  -1  -1  -1  -1  -1  -1  -1  -1  -1  -1  -1  -1  -1  -1  -1  -1  -1  -1  -1  -1  -1
 43  -1  -1  14  -1  -1  -1  -1  -1  24  -1   5  -1  -1  -1  -1  -1  -1  -1  -1  -1  -1  11  -1  -1  -1  -1  -1  -1  -1  -1  -1  -1  -1  -1  -1  -1  -1  -1  -1  -1  -1   0  -1  -1  -1  -1  -1  -1  -1  -1  -1  -1  -1  -1  -1  -1  -1  -1  -1  -1  -1  -1  -1  -1  -1  -1  -1
 -1  13  -1  -1  -1   6  -1  -1  -1  -1  -1  -1  -1  -1  -1  -1  40  -1  -1  -1  21   1  -1  -1  -1  -1  -1  -1  -1  -1  -1  -1  -1  -1  -1  -1  -1  -1  -1  -1  -1  -1  -1   0  -1  -1  -1  -1  -1  -1  -1  -1  -1  -1  -1  -1  -1  -1  -1  -1  -1  -1  -1  -1  -1  -1  -1  -1
 30  -1  -1  -1  -1  -1  -1  -1  -1  -1  -1  -1  11  41  -1  -1  -1  22  -1  -1  -1  -1  -1  -1  -1  -1  -1  -1  -1  -1  -1  -1  -1  -1  -1  -1  -1  -1  -1  -1  -1  -1  -1  -1   0  -1  -1  -1  -1  -1  -1  -1  -1  -1  -1  -1  -1  -1  -1  -1  -1  -1  -1  -1  -1  -1  -1  -1
 -1  24  41  -1  -1  -1  -1  -1  -1  -1  13  -1  -1  -1  -1  -1  -1  -1  27  -1  -1  -1  -1  -1  -1  -1  -1  -1  -1  -1  -1  -1  -1  -1  -1  -1  -1  -1  -1  -1  -1  -1  -1  -1  -1   0  -1  -1  -1  -1  -1  -1  -1  -1  -1  -1  -1  -1  -1  -1  -1  -1  -1  -1  -1  -1  -1  -1
 10  -1  -1  14  43  -1  -1  -1  -1  -1  -1   3  -1  -1  -1  -1  -1  -1  -1  -1  -1  -1  42  -1  -1  -1  -1  -1  -1  -1  -1  -1  -1  -1  -1  -1  -1  -1  -1  -1  -1  -1  -1  -1  -1  -1   0  -1  -1  -1  -1  -1  -1  -1  -1  -1  -1  -1  -1  -1  -1  -1  -1  -1  -1  -1  -1  -1
 -1  24  -1  -1  -1  -1  17  47  -1  -1  -1  -1  -1  -1  24  -1  -1  -1  -1  -1  -1  -1  -1  -1  -1  -1  -1  -1  -1  -1  -1  -1  -1  -1  -1  -1  -1  -1  -1  -1  -1  -1  -1  -1  -1  -1  -1   0  -1  -1  -1  -1  -1  -1  -1  -1  -1  -1  -1  -1  -1  -1  -1  -1  -1  -1  -1  -1
 23  -1  33  -1  28  -1  -1  -1  -1  -1  -1  -1  -1  -1  -1  40  -1  -1  -1  -1  -1  -1  -1  -1  -1  -1  -1  -1  -1  -1  -1  -1  -1  -1  -1  -1  -1  -1  -1  -1  -1  -1  -1  -1  -1  -1  -1  -1   0  -1  -1  -1  -1  -1  -1  -1  -1  -1  -1  -1  -1  -1  -1  -1  -1  -1  -1  -1
 -1   2  -1  -1  -1  -1   2  -1   5  -1  -1  -1  -1  -1  -1  -1  -1  -1  -1  -1  -1  -1  -1  -1  -1  -1  -1  -1  -1  -1  -1  -1  -1  -1  -1  -1  -1  -1  -1  -1  -1  -1  -1  -1  -1  -1  -1  -1  -1   0  -1  -1  -1  -1  -1  -1  -1  -1  -1  -1  -1  -1  -1  -1  -1  -1  -1  -1
 30  -1  -1  -1  19  -1  -1  -1  -1  -1  -1  -1  -1  -1  -1  -1  -1  -1  -1   4  -1  34  -1  -1  -1  -1  -1  -1  -1  -1  -1  -1  -1  -1  -1  -1  -1  -1  -1  -1  -1  -1  -1  -1  -1  -1  -1  -1  -1  -1   0  -1  -1  -1  -1  -1  -1  -1  -1  -1  -1  -1  -1  -1  -1  -1  -1  -1
 -1  12  -1  -1  -1  -1  -1  -1  -1  -1  -1  -1  -1  -1   5  -1  -1  -1   3  -1  -1  -1  -1  -1  -1  30  -1  -1  -1  -1  -1  -1  -1  -1  -1  -1  -1  -1  -1  -1  -1  -1  -1  -1  -1  -1  -1  -1  -1  -1  -1   0  -1  -1  -1  -1  -1  -1  -1  -1  -1  -1  -1  -1  -1  -1  -1  -1
 15  -1  -1  -1  -1  -1  -1  -1  -1  -1  37  -1  -1  20  -1  -1  -1  -1  -1  -1  -1  -1  -1  -1  42  -1  -1  -1  -1  -1  -1  -1  -1  -1  -1  -1  -1  -1  -1  -1  -1  -1  -1  -1  -1  -1  -1  -1  -1  -1  -1  -1   0  -1  -1  -1  -1  -1  -1  -1  -1  -1  -1  -1  -1  -1  -1  -1
 -1   4  -1  -1  -1  -1  -1  23  -1  -1  -1  -1  -1  -1  -1  -1  -1  -1  -1  -1  -1  -1  18  -1  -1  16  -1  -1  -1  -1  -1  -1  -1  -1  -1  -1  -1  -1  -1  -1  -1  -1  -1  -1  -1  -1  -1  -1  -1  -1  -1  -1  -1   0  -1  -1  -1  -1  -1  -1  -1  -1  -1  -1  -1  -1  -1  -1
  6  -1  -1  -1  -1  -1  -1  -1  -1  -1  -1  -1   9  -1  31  -1  -1  -1  -1  -1  -1  -1  -1  -1  47  -1  -1  -1  -1  -1  -1  -1  -1  -1  -1  -1  -1  -1  -1  -1  -1  -1  -1  -1  -1  -1  -1  -1  -1  -1  -1  -1  -1  -1   0  -1  -1  -1  -1  -1  -1  -1  -1  -1  -1  -1  -1  -1
 -1  35   8  -1  -1  -1  -1  -1  -1  -1  -1  25  -1  -1  -1  -1  -1  -1  -1  -1  -1   9  -1  -1  -1  -1  -1  -1  -1  -1  -1  -1  -1  -1  -1  -1  -1  -1  -1  -1  -1  -1  -1  -1  -1  -1  -1  -1  -1  -1  -1  -1  -1  -1  -1   0  -1  -1  -1  -1  -1  -1  -1  -1  -1  -1  -1  -1
 38  -1  -1  -1  -1  -1  -1   4  -1  -1  -1  -1  -1  -1  -1  10  -1  24  -1  -1  -1  -1  -1  -1  -1  -1  -1  -1  -1  -1  -1  -1  -1  -1  -1  -1  -1  -1  -1  -1  -1  -1  -1  -1  -1  -1  -1  -1  -1  -1  -1  -1  -1  -1  -1  -1   0  -1  -1  -1  -1  -1  -1  -1  -1  -1  -1  -1
 -1  32  -1  -1  -1  -1  47  -1  -1  -1  -1  -1   2  -1  -1  -1  -1  -1  -1  -1  -1  -1  26  -1  -1  -1  -1  -1  -1  -1  -1  -1  -1  -1  -1  -1  -1  -1  -1  -1  -1  -1  -1  -1  -1  -1  -1  -1  -1  -1  -1  -1  -1  -1  -1  -1  -1   0  -1  -1  -1  -1  -1  -1  -1  -1  -1  -1
 18  -1  -1  -1  -1  -1  -1  -1  -1  -1  -1  -1  -1  -1  25   9  -1  -1  21  -1  -1  -1  -1  -1  -1  -1  -1  -1  -1  -1  -1  -1  -1  -1  -1  -1  -1  -1  -1  -1  -1  -1  -1  -1  -1  -1  -1  -1  -1  -1  -1  -1  -1  -1  -1  -1  -1  -1   0  -1  -1  -1  -1  -1  -1  -1  -1  -1
 -1  29  -1  -1  -1  -1  -1  -1  -1  -1  -1  -1  -1  34  -1  -1  -1  -1  -1  -1  -1  -1  -1  19  -1  -1  -1  -1  -1  -1  -1  -1  -1  -1  -1  -1  -1  -1  -1  -1  -1  -1  -1  -1  -1  -1  -1  -1  -1  -1  -1  -1  -1  -1  -1  -1  -1  -1  -1   0  -1  -1  -1  -1  -1  -1  -1  -1
 41  -1  -1  -1  -1  -1  -1  -1  -1  33   1  -1  22  -1  -1  -1  -1  -1  -1  -1  -1  -1  -1  -1  -1  -1  -1  -1  -1  -1  -1  -1  -1  -1  -1  -1  -1  -1  -1  -1  -1  -1  -1  -1  -1  -1  -1  -1  -1  -1  -1  -1  -1  -1  -1  -1  -1  -1  -1  -1   0  -1  -1  -1  -1  -1  -1  -1
 -1  18  -1  45  -1  -1  -1  10  -1  -1  -1  -1  -1  -1  -1  -1  -1  -1  -1   9  -1  -1  -1  -1  -1  -1  -1  -1  -1  -1  -1  -1  -1  -1  -1  -1  -1  -1  -1  -1  -1  -1  -1  -1  -1  -1  -1  -1  -1  -1  -1  -1  -1  -1  -1  -1  -1  -1  -1  -1  -1   0  -1  -1  -1  -1  -1  -1
 31  -1  -1  -1  -1  -1  -1  -1  37  -1  -1  -1  -1  -1  -1  -1  -1  24  -1  -1  -1  -1  -1  -1  -1  -1  -1  -1  -1  -1  -1  -1  -1  -1  -1  -1  -1  -1  -1  -1  -1  -1  -1  -1  -1  -1  -1  -1  -1  -1  -1  -1  -1  -1  -1  -1  -1  -1  -1  -1  -1  -1   0  -1  -1  -1  -1  -1
 -1   4  -1  26  -1  -1  -1  -1  -1  43  -1  -1  -1  -1  -1  -1  -1  -1   0  -1  -1  -1  -1  -1  -1  -1  -1  -1  -1  -1  -1  -1  -1  -1  -1  -1  -1  -1  -1  -1  -1  -1  -1  -1  -1  -1  -1  -1  -1  -1  -1  -1  -1  -1  -1  -1  -1  -1  -1  -1  -1  -1  -1   0  -1  -1  -1  -1
 17  -1  -1  -1  14  -1  -1  -1  -1  -1  -1  -1  -1  -1  -1  -1  -1  -1  -1  -1  -1  -1  -1  -1  26  -1  -1  -1  -1  -1  -1  -1  -1  -1  -1  -1  -1  -1  -1  -1  -1  -1  -1  -1  -1  -1  -1  -1  -1  -1  -1  -1  -1  -1  -1  -1  -1  -1  -1  -1  -1  -1  -1  -1   0  -1  -1  -1
 -1  17  -1  -1  -1  -1  -1  -1  -1  -1  -1  -1  -1  -1  -1  -1  36  -1  18  -1  -1  -1  -1  -1  -1  24  -1  -1  -1  -1  -1  -1  -1  -1  -1  -1  -1  -1  -1  -1  -1  -1  -1  -1  -1  -1  -1  -1  -1  -1  -1  -1  -1  -1  -1  -1  -1  -1  -1  -1  -1  -1  -1  -1  -1   0  -1  -1
 32  -1  -1  -1  -1  -1  -1  30  -1  19  -1  -1  -1  -1  -1  -1  -1  -1  -1  -1  -1  -1  34  -1  -1  -1  -1  -1  -1  -1  -1  -1  -1  -1  -1  -1  -1  -1  -1  -1  -1  -1  -1  -1  -1  -1  -1  -1  -1  -1  -1  -1  -1  -1  -1  -1  -1  -1  -1  -1  -1  -1  -1  -1  -1  -1   0  -1
 -1  39  -1  -1  -1  -1   5  -1  -1  -1  15  -1  -1  -1  -1  -1  -1  -1  -1  -1  -1  -1  -1  -1  -1  -1  -1  -1  -1  -1  -1  -1  -1  -1  -1  -1  -1  -1  -1  -1  -1  -1  -1  -1  -1  -1  -1  -1  -1  -1  -1  -1  -1  -1  -1  -1  -1  -1  -1  -1  -1  -1  -1  -1  -1  -1  -1   0
